 TYPE=5
 ST=2
 STM=2
 higv=   1.00000005E-03
 lowv=   1.00000001E-07
set title "pingo--1\n{/Symbol c} =   1.762, CF = 1.000"
 set ylabel "induced voltage / V/m^2"
 rhomin=  0.266497403    
 rhomax=   1006.30286    
 animin=   0.00000000    
 animax=   2.00000000    
 depthmin=   5.78125906    
 depthmax=   264.608826    
 set out "GNUPLOTEMU-DATEN.ps"
